[清洗] 跨停牌bar: 64,819, 疑似除权/异常跌: 3,141, 异常涨: 174 (全量K线口径)
[指标] 打分与未来收益计算完成, 耗时 15s
==========================================================================================
趋势分 V2 重定义验证: 收盘贴近最高价(PROX=C/H) + 今高创新高(NH=H/REF(H,1)-1>0)

V2档位: 新高且C/H>=0.99 -> 40 | 新高且>=0.97 -> 30 | 新高且>=0.94 -> 20
        新高但回撤大 -> 10 | 未新高但C/H>=0.97(收盘强) -> 5 | 其余 -> 0

样本: 6,419,988 行, 1455 个交易日, 缩尾后
==========================================================================================

##########################################################################################
# 第1步 原始因子分组检验 (主样本)
##########################################################################################

---- PROX(C/H) 十分位 -> 未来收益 [主样本] (样本 6,419,988) ----
      PROX_dec    样本数    占比%  fwd1均值%  fwd1中位%  fwd1胜率%  fwd5均值%  fwd5中位%  fwd5胜率%  fwd10均值%  fwd10中位%  fwd10胜率%
(0.332, 0.958] 641999 10.000   -0.015    0.000   49.546    0.045   -0.383   47.652     0.307    -0.633    47.272
(0.958, 0.969] 642033 10.001    0.014    0.000   49.067    0.081   -0.367   47.204     0.208    -0.569    46.973
(0.969, 0.976] 642102 10.002    0.027    0.000   48.796    0.080   -0.366   46.818     0.150    -0.562    46.748
(0.976, 0.981] 641970 10.000    0.023    0.000   48.163    0.070   -0.351   46.617     0.118    -0.533    46.669
(0.981, 0.985] 641894  9.998    0.020    0.000   47.573    0.061   -0.316   46.631     0.095    -0.495    46.627
(0.985, 0.988] 642002 10.000    0.012   -0.039   46.917    0.068   -0.293   46.656     0.122    -0.437    46.828
(0.988, 0.991] 642800 10.012    0.017   -0.048   46.650    0.085   -0.255   46.794     0.183    -0.344    47.246
(0.991, 0.994] 641335  9.990    0.015   -0.062   46.241    0.101   -0.218   47.042     0.206    -0.266    47.665
(0.994, 0.997] 641914  9.999    0.027   -0.054   46.009    0.111   -0.176   47.310     0.216    -0.179    48.129
  (0.997, 1.0] 641939  9.999    0.009   -0.104   45.614    0.091   -0.178   47.381     0.272    -0.093    48.744

---- NH(今高/昨高-1) 分组 -> 未来收益 [主样本] (样本 6,419,988) ----
    NH_grp     样本数    占比%  fwd1均值%  fwd1中位%  fwd1胜率%  fwd5均值%  fwd5中位%  fwd5胜率%  fwd10均值%  fwd10中位%  fwd10胜率%
未新高(NH<=0) 3685245 57.403   -0.012    0.000   47.975    0.115   -0.242   47.319     0.163    -0.393    47.209
    新高0-2% 1745486 27.188    0.028   -0.039   46.852    0.081   -0.231   47.098     0.295    -0.219    48.135
    新高2-5%  726936 11.323    0.131   -0.093   47.173    0.083   -0.366   46.758     0.277    -0.447    47.351
     新高>5%  262321  4.086   -0.016   -0.405   44.982   -0.453   -1.220   42.678    -0.450    -1.681    42.646

---- PROX 十分位 -> 未来收益 [涨停后1-3天] (样本 248,611) ----
      PROX_dec    样本数    占比%  fwd1均值%  fwd1中位%  fwd1胜率%  fwd5均值%  fwd5中位%  fwd5胜率%  fwd10均值%  fwd10中位%  fwd10胜率%
(0.332, 0.958] 103480 41.623   -0.403   -0.700   44.258   -1.281   -2.531   39.002    -1.336    -3.065    39.554
(0.958, 0.969]  43439 17.473   -0.155   -0.413   45.245   -0.460   -1.308   42.728    -0.415    -1.691    43.328
(0.969, 0.976]  28041 11.279   -0.164   -0.423   44.793   -0.291   -1.061   43.980    -0.185    -1.469    43.957
(0.976, 0.981]  19803  7.965   -0.121   -0.345   45.101   -0.246   -1.020   44.099    -0.225    -1.368    44.103
(0.981, 0.985]  14763  5.938   -0.190   -0.428   44.438   -0.178   -0.966   44.120    -0.144    -1.287    44.090
(0.985, 0.988]  11464  4.611   -0.245   -0.442   43.990   -0.182   -0.974   44.029    -0.198    -1.279    44.145
(0.988, 0.991]   9130  3.672   -0.206   -0.450   43.535   -0.098   -1.018   43.580    -0.041    -1.146    44.812
(0.991, 0.994]   7380  2.968   -0.263   -0.514   42.605    0.346   -0.714   45.365     0.156    -0.991    45.558
(0.994, 0.997]   5507  2.215   -0.326   -0.559   42.554    0.361   -0.653   45.661     0.106    -0.907    45.731
  (0.997, 1.0]   5604  2.254   -0.868   -1.209   37.710   -1.149   -2.042   39.225    -1.213    -2.222    41.433

---- NH 分组 -> 未来收益 [涨停后1-3天] (样本 248,611) ----
    NH_grp    样本数    占比%  fwd1均值%  fwd1中位%  fwd1胜率%  fwd5均值%  fwd5中位%  fwd5胜率%  fwd10均值%  fwd10中位%  fwd10胜率%
未新高(NH<=0) 132996 53.496   -0.300   -0.451   44.659   -0.619   -1.519   41.802    -0.576    -1.740    42.762
    新高0-2%  29685 11.940   -0.112   -0.436   44.649   -0.195   -0.941   44.399    -0.151    -1.274    44.465
    新高2-5%  36959 14.866   -0.121   -0.476   45.009   -0.504   -1.330   42.937    -0.498    -1.853    43.197
     新高>5%  48971 19.698   -0.488   -1.004   42.550   -1.359   -2.740   38.671    -1.551    -3.632    38.082

##########################################################################################
# 第2步 V2档位分 vs 旧版趋势分 分档对比
##########################################################################################

---- TREND_V2 档位 [主样本] (样本 6,419,988) ----
 TREND_V2     样本数    占比%  fwd1均值%  fwd1中位%  fwd1胜率%  fwd5均值%  fwd5中位%  fwd5胜率%  fwd10均值%  fwd10中位%  fwd10胜率%
        0  824857 12.848    0.004    0.049   50.242    0.223   -0.141   48.808     0.462    -0.283    48.474
        5 2860388 44.554   -0.017    0.000   47.321    0.085   -0.259   46.900     0.080    -0.414    46.858
       10   96657  1.506   -0.205   -0.285   47.257   -0.664   -1.435   43.116    -0.618    -2.083    42.711
       20  417950  6.510    0.040   -0.087   47.907   -0.070   -0.628   45.744     0.063    -0.923    45.556
       30 1178525 18.357    0.058   -0.073   47.083    0.006   -0.380   46.176     0.227    -0.451    47.026
       40 1041611 16.225    0.072   -0.084   45.886    0.164   -0.149   47.720     0.351    -0.036    49.005

---- TREND_SCORE 旧版档位 [主样本] (对照) (样本 6,419,988) ----
 TREND_SCORE     样本数    占比%  fwd1均值%  fwd1中位%  fwd1胜率%  fwd5均值%  fwd5中位%  fwd5胜率%  fwd10均值%  fwd10中位%  fwd10胜率%
           0 4006680 62.409    0.004    0.000   48.086    0.133   -0.220   47.537     0.179    -0.377    47.341
          10  269562  4.199    0.018    0.000   46.886   -0.094   -0.387   45.657     0.042    -0.475    46.452
          20 1082792 16.866    0.025   -0.100   46.391   -0.018   -0.387   45.940     0.116    -0.472    46.702
          30  688261 10.721    0.063   -0.085   46.734    0.001   -0.348   46.287     0.275    -0.323    47.649
          40  372693  5.805    0.012   -0.170   45.544    0.064   -0.302   46.771     0.429    -0.192    48.461

---- TREND_V2 档位 [涨停后1-3天] (样本 248,611) ----
 TREND_V2   样本数    占比%  fwd1均值%  fwd1中位%  fwd1胜率%  fwd5均值%  fwd5中位%  fwd5胜率%  fwd10均值%  fwd10中位%  fwd10胜率%
        0 74324 29.896   -0.316   -0.442   45.408   -0.792   -1.843   41.057    -0.574    -1.899    42.852
        5 58672 23.600   -0.279   -0.459   43.710   -0.401   -1.201   42.741    -0.579    -1.587    42.647
       10 32696 13.151   -0.600   -1.141   42.445   -2.033   -3.608   35.733    -2.576    -4.728    34.504
       20 42765 17.202   -0.136   -0.547   44.642   -0.653   -1.540   42.045    -0.688    -2.200    41.876
       30 31823 12.800   -0.133   -0.447   44.721   -0.013   -0.823   45.475     0.288    -0.995    46.052
       40  8331  3.351   -0.236   -0.582   42.340    0.529   -0.606   46.529     0.708    -0.581    47.767

---- TREND_SCORE 旧版档位 [涨停后1-3天] (对照) (样本 248,611) ----
 TREND_SCORE    样本数    占比%  fwd1均值%  fwd1中位%  fwd1胜率%  fwd5均值%  fwd5中位%  fwd5胜率%  fwd10均值%  fwd10中位%  fwd10胜率%
           0 108540 43.659   -0.312   -0.457   44.819   -0.676   -1.592   41.496    -0.607    -1.801    42.677
          10  17087  6.873   -0.571   -1.028   41.126   -1.734   -2.882   36.689    -1.875    -3.262    37.681
          20  47788 19.222   -0.241   -0.508   44.145   -0.706   -1.519   41.817    -0.882    -2.184    41.476
          30  45910 18.467   -0.052   -0.408   45.554   -0.379   -1.249   43.604    -0.485    -1.889    42.774
          40  29286 11.780   -0.482   -0.848   42.460   -0.645   -1.705   41.940    -0.442    -2.201    42.595

新旧趋势分相关系数: Pearson=0.469, Spearman=0.456

##########################################################################################
# 第3步 Fama-MacBeth 回归对比 (逐日横截面)
##########################################################################################

   期限          因子  days    slope        t       ic     ic_t      ric    ric_t
 fwd1    TOTAL(旧)  1442 -0.00002 -3.32334 -0.00733 -3.16247 -0.00863 -3.46965
 fwd1 TOTAL_V2(新)  1442 -0.00000 -0.83803 -0.00241 -1.02522 -0.00089 -0.34153
 fwd1  TREND_V2单独  1442 -0.00002 -2.40921 -0.00690 -2.72029 -0.01000 -3.25319
 fwd1    TREND旧单独  1442 -0.00003 -4.60533 -0.01353 -5.03351 -0.02559 -8.53078
 fwd1      PROX连续  1442  0.03197  5.78111  0.01471  4.36363  0.02071  5.37158
 fwd1        NH连续  1442 -0.00021 -0.07675 -0.00279 -0.99385 -0.01480 -4.38832
 fwd1   PROX(双变量)  1442  0.03338  6.28130      NaN      NaN      NaN      NaN
 fwd1     NH(双变量)  1442  0.00126  0.47628      NaN      NaN      NaN      NaN
 fwd5    TOTAL(旧)  1390 -0.00005 -5.32287 -0.00829 -3.83147 -0.00273 -1.16585
 fwd5 TOTAL_V2(新)  1390  0.00000  0.16261  0.00294  1.31376  0.01211  4.87151
 fwd5  TREND_V2单独  1390 -0.00002 -1.67971 -0.00179 -0.74629  0.00547  1.87594
 fwd5    TREND旧单独  1390 -0.00011 -7.71076 -0.01626 -6.65594 -0.02126 -7.69289
 fwd5      PROX连续  1390  0.12583 11.00450  0.03117  9.93112  0.04211 11.74180
 fwd5        NH连续  1390 -0.01502 -2.65328 -0.00901 -3.64017 -0.00726 -2.36242
 fwd5   PROX(双变量)  1390  0.12952 11.40834      NaN      NaN      NaN      NaN
 fwd5     NH(双变量)  1390 -0.00727 -1.31938      NaN      NaN      NaN      NaN
fwd10    TOTAL(旧)  1325 -0.00004 -2.84912 -0.00213 -1.00388  0.00421  1.84713
fwd10 TOTAL_V2(新)  1325  0.00003  2.05100  0.00887  4.02198  0.01930  7.92196
fwd10  TREND_V2单独  1325 -0.00000 -0.07733  0.00485  2.06899  0.01368  4.85224
fwd10    TREND旧单独  1325 -0.00011 -5.97471 -0.00932 -3.87383 -0.01378 -5.11056
fwd10      PROX连续  1325  0.21126 13.09612  0.03885 12.38974  0.05191 14.52283
fwd10        NH连续  1325 -0.01340 -1.84379 -0.00635 -2.71533 -0.00129 -0.44371
fwd10   PROX(双变量)  1325  0.21814 13.65695      NaN      NaN      NaN      NaN
fwd10     NH(双变量)  1325  0.00031  0.04335      NaN      NaN      NaN      NaN

[完成] 结果保存至 C:\Users\lenvo\Documents\AI agent\股票\多因子评分规则\output (trend_v2_*.csv, report_trend_v2.txt)