[清洗] 跨停牌bar: 64,819, 疑似除权/异常跌: 3,141, 异常涨: 174 (全量K线口径)
[指标] 打分与未来收益计算完成, 耗时 16s
==========================================================================================
形态分 V2 验证: "横盘 -> 涨停 -> 十字星" 量化
主样本 6,419,988 | 窗口样本(涨停后1-8天) 602,640 | 场景样本(1-3天) 248,611
==========================================================================================

##########################################################################################
# 第1步 部件单因子分组检验 [窗口样本: 涨停后1-8天]
##########################################################################################

---- DOJI=|C-O|/(H-L) 五分位 (小=十字星) (样本 602,640) ----
         DOJI_q    样本数    占比%  fwd1均值%  fwd1中位%  fwd1胜率%  fwd5均值%  fwd5中位%  fwd5胜率%  fwd10均值%  fwd10中位%  fwd10胜率%
(-0.001, 0.186] 120530 20.000   -0.168   -0.333   45.788   -0.363   -1.128   43.380    -0.401    -1.610    43.302
 (0.186, 0.348] 120528 20.000   -0.161   -0.372   45.370   -0.316   -1.087   43.539    -0.420    -1.637    43.196
 (0.348, 0.503] 120529 20.000   -0.165   -0.362   45.165   -0.299   -1.038   43.749    -0.386    -1.578    43.287
 (0.503, 0.679] 120527 20.000   -0.151   -0.323   45.607   -0.256   -0.970   44.371    -0.342    -1.548    43.503
   (0.679, 1.0] 120526 20.000   -0.060   -0.057   48.296    0.004   -0.643   46.152     0.219    -0.827    46.244

---- HOLD=C/涨停日C (守价) (样本 602,640) ----
   HOLD_g    样本数    占比%  fwd1均值%  fwd1中位%  fwd1胜率%  fwd5均值%  fwd5中位%  fwd5胜率%  fwd10均值%  fwd10中位%  fwd10胜率%
    <0.90 118461 19.657   -0.124    0.000   48.816    0.067   -0.528   46.777     0.218    -0.938    45.973
0.90-0.94  85777 14.234   -0.172   -0.211   46.764   -0.420   -1.130   43.146    -0.541    -1.748    42.613
0.94-0.97  94326 15.652   -0.111   -0.296   45.504   -0.352   -1.070   43.238    -0.479    -1.580    42.878
0.97-1.00 100852 16.735   -0.105   -0.339   45.132   -0.353   -1.015   43.408    -0.511    -1.598    42.893
1.00-1.05 124734 20.698   -0.179   -0.482   44.085   -0.380   -1.202   43.080    -0.554    -1.788    42.664
    >1.05  78490 13.024   -0.157   -0.378   46.028   -0.045   -0.869   45.747     0.339    -0.827    46.726

---- V_VS_ZT=今量/涨停日量 (缩量) (样本 602,640) ----
   VV_g    样本数    占比%  fwd1均值%  fwd1中位%  fwd1胜率%  fwd5均值%  fwd5中位%  fwd5胜率%  fwd10均值%  fwd10中位%  fwd10胜率%
   <0.3  43941  7.291    0.003    0.000   48.854    0.316   -0.176   48.269     0.501    -0.419    47.570
0.3-0.5 127950 21.232    0.023    0.000   48.420    0.336   -0.365   47.357     0.467    -0.657    46.835
0.5-0.8 183126 30.387   -0.075   -0.213   46.967   -0.064   -0.884   44.987    -0.035    -1.241    44.801
0.8-1.2 129030 21.411   -0.172   -0.421   45.266   -0.478   -1.354   42.879    -0.564    -1.923    42.729
1.2-2.0  76944 12.768   -0.333   -0.686   42.995   -0.925   -1.745   40.640    -1.162    -2.492    40.190
   >2.0  41649  6.911   -0.638   -1.117   39.772   -1.468   -2.303   37.878    -1.775    -3.088    37.576

---- PRE_AMP10=涨停前10日振幅 (横盘) (样本 602,640) ----
     PA_g    样本数    占比%  fwd1均值%  fwd1中位%  fwd1胜率%  fwd5均值%  fwd5中位%  fwd5胜率%  fwd10均值%  fwd10中位%  fwd10胜率%
   <=0.08  31543  5.234   -0.106   -0.270   44.392   -0.301   -0.762   42.744    -0.455    -1.073    42.638
0.08-0.13 101857 16.902   -0.132   -0.312   44.706   -0.429   -0.989   42.511    -0.666    -1.577    41.816
0.13-0.20 152053 25.231   -0.199   -0.375   44.856   -0.556   -1.245   42.346    -0.708    -1.840    41.984
0.20-0.35 183615 30.468   -0.201   -0.382   45.480   -0.394   -1.176   43.859    -0.460    -1.782    43.281
    >0.35 131425 21.808   -0.002    0.000   49.645    0.489   -0.255   48.725     0.880    -0.268    48.981

---- SEAL=涨停日封死板? (样本 602,640) ----
SEAL_s    样本数    占比%  fwd1均值%  fwd1中位%  fwd1胜率%  fwd5均值%  fwd5中位%  fwd5胜率%  fwd10均值%  fwd10中位%  fwd10胜率%
 False 154571 25.649    0.029   -0.067   48.666    0.491   -0.267   48.506     0.791    -0.314    48.739
  True 448069 74.351   -0.200   -0.366   45.141   -0.502   -1.182   42.754    -0.635    -1.786    42.219

---- ZT_VRATIO=涨停日量/前5日均量 (样本 602,640) ----
 VR_g    样本数    占比%  fwd1均值%  fwd1中位%  fwd1胜率%  fwd5均值%  fwd5中位%  fwd5胜率%  fwd10均值%  fwd10中位%  fwd10胜率%
   <1  75300 12.495   -0.191   -0.384   45.839   -0.450   -1.306   43.377    -0.590    -1.960    42.785
  1-2 235410 39.063   -0.079   -0.200   47.358   -0.056   -0.884   45.339    -0.034    -1.327    44.965
2-3.5 177940 29.527   -0.164   -0.327   45.392   -0.248   -0.903   44.452    -0.184    -1.316    44.174
3.5-6  82957 13.766   -0.178   -0.332   44.693   -0.376   -0.966   43.055    -0.476    -1.411    42.879
   >6  30659  5.087   -0.268   -0.376   43.921   -0.839   -1.248   39.872    -1.165    -1.713    39.795

##########################################################################################
# 第2步 SHAPE_V2 (30=横盘10+板质8+星线12) vs 旧形态分
##########################################################################################

---- SHAPE_V2 档位 [窗口样本] (样本 602,640) ----
 SHAPE_V2   样本数   占比%  fwd1均值%  fwd1中位%  fwd1胜率%  fwd5均值%  fwd5中位%  fwd5胜率%  fwd10均值%  fwd10中位%  fwd10胜率%
        1     2 0.000   -2.497   -2.497   50.000  -13.007  -13.007    0.000   -20.782   -20.782     0.000
        2   126 0.021   -0.140    0.494   52.000    0.778    0.746   50.413     2.784    -0.424    49.123
        3   695 0.115    0.158    0.121   50.791   -0.162   -1.378   43.906     2.374     0.848    54.242
        4  3085 0.512    0.318    0.377   54.301    0.922    0.198   50.957     3.736     2.800    62.677
        5  7146 1.186    0.590    0.602   55.858    3.359    3.806   69.019     5.170     5.091    67.906
        6 17191 2.853   -0.170   -0.202   47.857   -0.229   -1.203   44.348    -0.350    -1.981    43.087
        7 22806 3.784   -0.024   -0.099   48.449    0.118   -0.716   46.473     0.035    -1.413    44.932
        8 21950 3.642   -0.186   -0.241   47.205    0.199   -0.667   47.077     0.479    -0.991    46.702
        9 41056 6.813   -0.187   -0.333   46.590   -0.204   -1.093   44.903    -0.136    -1.325    45.210
       10 43265 7.179   -0.139   -0.167   47.805   -0.064   -0.826   45.711    -0.072    -1.330    44.928
       11 50061 8.307   -0.129   -0.243   46.882   -0.134   -0.854   45.586    -0.083    -1.352    44.889
       12 41109 6.821   -0.189   -0.463   45.239   -0.400   -1.310   43.208    -0.444    -1.777    43.525
       13 45176 7.496   -0.099   -0.275   46.408   -0.198   -0.988   44.508    -0.222    -1.390    44.402
       14 39564 6.565   -0.160   -0.258   46.417   -0.326   -1.024   43.943    -0.402    -1.625    43.173
       15 44676 7.413   -0.271   -0.450   44.472   -0.706   -1.389   41.897    -0.855    -1.975    41.501
       16 39850 6.613   -0.194   -0.394   44.742   -0.450   -1.201   42.771    -0.562    -1.653    43.018
       17 37783 6.270   -0.175   -0.334   45.111   -0.402   -1.053   43.133    -0.475    -1.542    42.616
       18 35841 5.947   -0.217   -0.435   43.638   -0.621   -1.247   41.655    -0.822    -1.871    41.242
       19 27179 4.510   -0.096   -0.333   44.625   -0.425   -0.995   42.875    -0.532    -1.565    42.479
       20 22593 3.749   -0.058   -0.248   45.607   -0.224   -0.841   43.444    -0.363    -1.284    43.093
       21 19661 3.262   -0.150   -0.332   44.536   -0.470   -1.006   42.574    -0.704    -1.650    41.524
       22 12332 2.046   -0.067   -0.263   45.540   -0.297   -0.874   43.148    -0.455    -1.336    42.670
       23 10351 1.718   -0.155   -0.300   44.438   -0.321   -0.962   42.260    -0.360    -1.248    42.554
       24  7834 1.300   -0.066   -0.238   45.680   -0.350   -0.924   42.398    -0.594    -1.397    42.193
       25  4176 0.693    0.038   -0.155   45.833   -0.032   -0.653   43.979    -0.244    -1.124    43.457
       26  3709 0.615   -0.056   -0.185   45.941   -0.134   -0.722   43.390    -0.411    -1.276    42.144
       27  2050 0.340   -0.005   -0.211   45.374    0.097   -0.408   46.142    -0.192    -0.978    43.670
       28   833 0.138    0.090   -0.168   46.256    0.193   -0.622   41.863     0.238    -0.834    43.467
       29   452 0.075   -0.028   -0.080   46.309    0.071   -0.465   46.789     0.019    -0.901    44.498
       30    88 0.015    0.002   -0.072   46.591   -0.587   -0.983   36.782    -1.526    -2.413    32.927

---- 旧SHAPE_SCORE 档位 [窗口样本] (对照) (样本 602,640) ----
 SHAPE_SCORE    样本数    占比%  fwd1均值%  fwd1中位%  fwd1胜率%  fwd5均值%  fwd5中位%  fwd5胜率%  fwd10均值%  fwd10中位%  fwd10胜率%
           0  90208 14.969    0.197    0.113   50.798    0.948    0.308   51.345     1.073     0.166    50.439
           5 253405 42.049   -0.286   -0.477   44.978   -0.540   -1.420   42.783    -0.506    -1.910    42.670
          10 208850 34.656   -0.160   -0.354   44.929   -0.478   -1.156   42.530    -0.650    -1.758    42.028
          20  38110  6.324    0.075   -0.093   47.530    0.085   -0.524   46.017     0.141    -0.726    46.130
          30  12067  2.002    0.034    0.000   47.685    0.044   -0.338   45.938     0.199    -0.429    46.839

---- SHAPE_V2 档位 [涨停后1-3天] (样本 248,611) ----
 SHAPE_V2   样本数   占比%  fwd1均值%  fwd1中位%  fwd1胜率%  fwd5均值%  fwd5中位%  fwd5胜率%  fwd10均值%  fwd10中位%  fwd10胜率%
        1     2 0.001   -2.497   -2.497   50.000  -13.007  -13.007    0.000   -20.782   -20.782     0.000
        2    62 0.025   -0.402    0.511   51.613    1.083    1.004   52.459     3.635     2.299    53.448
        3   424 0.171   -0.145   -0.048   48.113   -1.604   -3.172   35.629     3.078     1.934    56.448
        4  1680 0.676   -0.032    0.200   52.472   -1.187   -2.324   37.155     3.975     3.376    67.600
        5  2780 1.118    0.508    1.269   58.896    1.756    1.694   56.992     4.571     4.892    64.144
        6  7383 2.970   -0.440   -0.626   45.310   -0.897   -2.479   40.826    -0.715    -2.745    41.457
        7  7988 3.213   -0.287   -0.513   45.145   -0.448   -1.650   43.307    -0.475    -2.335    42.881
        8 10016 4.029   -0.513   -0.735   43.989   -0.154   -1.681   43.643     0.088    -1.910    44.303
        9 20615 8.292   -0.296   -0.627   44.597   -0.540   -1.815   42.594    -0.493    -2.141    43.469
       10 15749 6.335   -0.308   -0.405   46.336   -0.619   -1.757   42.193    -0.633    -2.054    43.076
       11 18322 7.370   -0.515   -0.816   42.825   -0.945   -2.004   40.935    -0.803    -2.457    41.956
       12 20615 8.292   -0.320   -0.703   43.793   -0.712   -1.792   41.999    -0.791    -2.410    41.934
       13 17741 7.136   -0.150   -0.386   45.682   -0.473   -1.456   42.844    -0.635    -1.985    42.538
       14 14291 5.748   -0.278   -0.509   44.950   -0.943   -1.855   40.470    -1.100    -2.462    40.802
       15 21690 8.724   -0.401   -0.705   42.720   -1.104   -1.935   39.727    -1.319    -2.706    39.400
       16 16903 6.799   -0.283   -0.532   43.521   -0.763   -1.608   41.070    -0.923    -2.010    41.437
       17 13529 5.442   -0.311   -0.512   43.524   -0.877   -1.538   41.126    -1.062    -2.099    40.713
       18 16613 6.682   -0.308   -0.653   42.096   -0.949   -1.672   39.795    -1.203    -2.342    39.372
       19 11186 4.499   -0.108   -0.417   44.254   -0.554   -1.182   42.177    -0.727    -1.777    42.009
       20  7184 2.890   -0.167   -0.467   42.959   -0.744   -1.364   40.404    -0.934    -1.714    40.760
       21  8451 3.399   -0.236   -0.517   43.033   -0.809   -1.415   40.805    -1.048    -2.022    40.182
       22  4962 1.996   -0.096   -0.349   45.011   -0.436   -1.066   42.636    -0.510    -1.449    42.265
       23  3399 1.367   -0.186   -0.368   44.543   -0.450   -1.115   42.304    -0.606    -1.654    41.137
       24  3156 1.269   -0.124   -0.417   44.483   -0.631   -1.143   41.103    -0.882    -1.607    40.742
       25  1627 0.654    0.053   -0.169   46.197   -0.070   -0.473   44.920    -0.170    -0.961    44.157
       26  1157 0.465   -0.090   -0.306   45.383   -0.330   -0.929   42.397    -0.971    -1.667    39.832
       27   729 0.293    0.069   -0.243   44.861    0.090   -0.347   47.076    -0.052    -0.971    44.113
       28   252 0.101    0.431    0.168   52.191   -0.107   -0.872   42.623    -0.036    -0.530    44.589
       29    96 0.039   -0.162   -0.390   45.745   -0.371   -0.295   45.556    -0.845    -1.603    38.372
       30     9 0.004   -1.080   -1.220   44.444    0.558    0.813   55.556    -0.772     1.368    62.500

---- 旧SHAPE_SCORE 档位 [涨停后1-3天] (对照) (样本 248,611) ----
 SHAPE_SCORE    样本数    占比%  fwd1均值%  fwd1中位%  fwd1胜率%  fwd5均值%  fwd5中位%  fwd5胜率%  fwd10均值%  fwd10中位%  fwd10胜率%
           0  36111 14.525    0.269    0.087   50.525    1.653    0.796   53.506     2.010     1.243    53.706
           5 105913 42.602   -0.629   -1.043   41.928   -1.572   -2.904   37.239    -1.526    -3.191    38.742
          10  84297 33.907   -0.195   -0.505   43.697   -0.776   -1.488   41.159    -1.043    -2.181    40.469
          20  22290  8.966    0.089   -0.082   47.812    0.050   -0.560   45.912     0.194    -0.783    46.037

---- 教科书形态 (横盘<=13% & 封板 & 星线DOJI<=0.30 & 守价>=0.97 & 缩量<=0.8, 涨停后1-5天) [窗口1-8天] ----
  命中: n=6,308 (1.05%) | fwd1 均值-0.056% 中位-0.221% 胜率45.2% | fwd5 均值-0.119% 中位-0.712% 胜率43.8% | fwd10 均值-0.429% 中位-1.241% 胜率42.2%
  未命中: n=596,332 (98.95%) | fwd1 均值-0.142% 中位-0.293% 胜率46.1% | fwd5 均值-0.248% 中位-0.977% 胜率44.2% | fwd10 均值-0.265% 中位-1.439% 胜率43.9%
---- 教科书形态 (横盘<=13% & 封板 & 星线DOJI<=0.30 & 守价>=0.97 & 缩量<=0.8, 涨停后1-5天) [场景1-3天] ----
  命中: n=3,057 (1.23%) | fwd1 均值-0.021% 中位-0.234% 胜率45.8% | fwd5 均值-0.010% 中位-0.552% 胜率45.3% | fwd10 均值-0.319% 中位-1.172% 胜率42.6%
  未命中: n=245,554 (98.77%) | fwd1 均值-0.291% 中位-0.539% 胜率44.3% | fwd5 均值-0.705% 中位-1.628% 胜率41.6% | fwd10 均值-0.711% 中位-2.051% 胜率42.1%

##########################################################################################
# 第3步 Fama-MacBeth 对比 (主样本, 逐日横截面)
##########################################################################################

   期限             因子  days    slope         t       ic      ic_t      ric     ric_t
 fwd1 TOTAL_V22(旧形态)  1442  0.00000   0.25150  0.00058   0.25502  0.00632   2.50236
 fwd1 TOTAL_SV2(新形态)  1442 -0.00001  -2.91593 -0.00676  -3.19354 -0.00765  -3.15765
 fwd1     SHAPE_V2单独  1442 -0.00015 -11.98946 -0.02431 -12.17519 -0.04717 -23.45397
 fwd1       旧SHAPE单独  1442  0.00001   1.09046 -0.00019  -0.19321  0.00367   3.05510
 fwd5 TOTAL_V22(旧形态)  1390  0.00002   1.79035  0.00740   3.41741  0.02021   8.40770
 fwd5 TOTAL_SV2(新形态)  1390 -0.00003  -2.76580 -0.00359  -1.79520  0.00285   1.23225
 fwd5     SHAPE_V2单独  1390 -0.00048 -20.49872 -0.03863 -21.69330 -0.06256 -33.74859
 fwd5       旧SHAPE单独  1390 -0.00000  -0.19492 -0.00097  -0.95291  0.00410   3.29408
fwd10 TOTAL_V22(旧形态)  1325  0.00005   3.82534  0.01329   6.17122  0.02755  11.57236
fwd10 TOTAL_SV2(新形态)  1325 -0.00002  -1.58601  0.00073   0.36810  0.00801   3.51189
fwd10     SHAPE_V2单独  1325 -0.00077 -24.90237 -0.04463 -26.34830 -0.07101 -39.99224
fwd10       旧SHAPE单独  1325  0.00001   0.32562 -0.00059  -0.60203  0.00464   3.91703