[清洗] 跨停牌bar: 64,819, 疑似除权/异常跌: 3,141, 异常涨: 174 (全量K线口径)
[指标] 打分与未来收益计算完成, 耗时 14s
==========================================================================================
趋势分 V2.1 / V2.2 修正验证
  V2.1: 长上影档(新高但C/H<0.94) 10分->0分
  V2.2: V2.1 + 新高幅度>5% 得分封顶10
==========================================================================================

---- V2.1 档位 [主样本] (样本 6,419,988) ----
 TREND_V21     样本数    占比%  fwd1均值%  fwd1中位%  fwd1胜率%  fwd5均值%  fwd5中位%  fwd5胜率%  fwd10均值%  fwd10中位%  fwd10胜率%
         0  921514 14.354   -0.018    0.000   49.929    0.129   -0.247   48.204     0.345    -0.433    47.852
         5 2860388 44.554   -0.017    0.000   47.321    0.085   -0.259   46.900     0.080    -0.414    46.858
        20  417950  6.510    0.040   -0.087   47.907   -0.070   -0.628   45.744     0.063    -0.923    45.556
        30 1178525 18.357    0.058   -0.073   47.083    0.006   -0.380   46.176     0.227    -0.451    47.026
        40 1041611 16.225    0.072   -0.084   45.886    0.164   -0.149   47.720     0.351    -0.036    49.005

---- V2.1 档位 [涨停后1-3天] (样本 248,611) ----
 TREND_V21    样本数    占比%  fwd1均值%  fwd1中位%  fwd1胜率%  fwd5均值%  fwd5中位%  fwd5胜率%  fwd10均值%  fwd10中位%  fwd10胜率%
         0 107020 43.047   -0.403   -0.619   44.504   -1.171   -2.323   39.430    -1.187    -2.744    40.297
         5  58672 23.600   -0.279   -0.459   43.710   -0.401   -1.201   42.741    -0.579    -1.587    42.647
        20  42765 17.202   -0.136   -0.547   44.642   -0.653   -1.540   42.045    -0.688    -2.200    41.876
        30  31823 12.800   -0.133   -0.447   44.721   -0.013   -0.823   45.475     0.288    -0.995    46.052
        40   8331  3.351   -0.236   -0.582   42.340    0.529   -0.606   46.529     0.708    -0.581    47.767

---- V2.2 档位 [涨停后1-3天] (样本 248,611) ----
 TREND_V22    样本数    占比%  fwd1均值%  fwd1中位%  fwd1胜率%  fwd5均值%  fwd5中位%  fwd5胜率%  fwd10均值%  fwd10中位%  fwd10胜率%
         0 107020 43.047   -0.403   -0.619   44.504   -1.171   -2.323   39.430    -1.187    -2.744    40.297
         5  58672 23.600   -0.279   -0.459   43.710   -0.401   -1.201   42.741    -0.579    -1.587    42.647
        10  28191 11.339   -0.282   -0.750   43.397   -0.534   -1.798   42.036    -0.424    -2.357    42.151
        20  25376 10.207   -0.016   -0.344   45.940   -0.444   -1.194   43.328    -0.402    -1.714    43.396
        30  22855  9.193   -0.100   -0.425   44.758   -0.068   -0.740   45.604     0.164    -0.945    45.980
        40   6497  2.613   -0.217   -0.578   41.984    0.573   -0.458   46.931     0.597    -0.446    48.187

---- Fama-MacBeth 对比 ----
   期限        因子  days    slope        t       ic     ic_t      ric    ric_t
 fwd1  TOTAL(旧)  1442 -0.00002 -3.32334 -0.00733 -3.16247 -0.00863 -3.46965
 fwd1  TOTAL_V2  1442 -0.00000 -0.83803 -0.00241 -1.02522 -0.00089 -0.34153
 fwd1 TOTAL_V21  1442 -0.00000 -0.24580 -0.00116 -0.48681  0.00132  0.50595
 fwd1 TOTAL_V22  1442  0.00000  0.25150  0.00058  0.25502  0.00632  2.50236
 fwd5  TOTAL(旧)  1390 -0.00005 -5.32287 -0.00829 -3.83147 -0.00273 -1.16585
 fwd5  TOTAL_V2  1390  0.00000  0.16261  0.00294  1.31376  0.01211  4.87151
 fwd5 TOTAL_V21  1390  0.00001  0.96229  0.00494  2.18837  0.01499  6.01491
 fwd5 TOTAL_V22  1390  0.00002  1.79035  0.00740  3.41741  0.02021  8.40770
fwd10  TOTAL(旧)  1325 -0.00004 -2.84912 -0.00213 -1.00388  0.00421  1.84713
fwd10  TOTAL_V2  1325  0.00003  2.05100  0.00887  4.02198  0.01930  7.92196
fwd10 TOTAL_V21  1325  0.00004  2.85639  0.01084  4.87523  0.02230  9.12239
fwd10 TOTAL_V22  1325  0.00005  3.82534  0.01329  6.17122  0.02755 11.57236